卧龙山庄设置方法

点击下载完整说明包

卧龙山庄的地图代码为 Hero1
卧龙山庄的小地图代码为 10302(10302代表客户端Data\minimap\301.mmap文件)


MerChant.txt要增加的内容
卧龙\卧龙笔计	3	326	340	卧龙笔计	0	70	0
卧龙\橙色卧龙古书	HERO1	63	185 	橙色卧龙古书	0	71	0
卧龙\红色卧龙古书	HERO1	192	191	红色卧龙古书	0	72	0
卧龙\黄色卧龙古书	HERO1	89	141	黄色卧龙古书	0	73	0
卧龙\绿色卧龙古书	HERO1	147	90	绿色卧龙古书	0	74	0
卧龙\蓝色卧龙古书	HERO1	219	59	蓝色卧龙古书	0	75	0

卧龙\不显名	HERO1	56	41	33　	0	91	0	0 0 0 1
卧龙\不显名	HERO1	57	40	44　	0	91	0	0 0 0 1
卧龙\不显名	HERO1	58	39	55　	0	91	0	0 0 0 1
卧龙\不显名	HERO1	59	38	66　	0	91	0	0 0 0 1
卧龙\不显名	HERO1	60	37	77　	0	91	0	0 0 0 1
卧龙\不显名	HERO1	61	36	88　	0	91	0	0 0 0 1
卧龙\不显名	HERO1	58	41	88　	0	91	0	0 0 0 1
卧龙\不显名	HERO1	58	40	88　	0	92	0	0 0 0 1
卧龙\不显名	HERO1	59	39	88　	0	92	0	0 0 0 1
卧龙\不显名	HERO1	60	38	88　	0	92	0	0 0 0 1
卧龙\不显名	HERO1	61	36	88　	0	92	0	0 0 0 1
卧龙\不显名	HERO1	57	43	99	0	92	0	0 0 0 1
卧龙\不显名	HERO1	56	43	11　	0	90	0	0 0 0 1
卧龙\不显名	HERO1	55	42	22　	0	90	0	0 0 0 1
卧龙\不显名	HERO1	59	41	22　	0	90	0	0 0 0 1
卧龙\不显名	HERO1	61	40	22　	0	90	0	0 0 0 1
卧龙\不显名	HERO1	62	38	22　	0	90	0	0 0 0 1

卧龙\火龙宝藏	HERO1	61	44	火龙宝藏	2	66	0      0 0 0 1
卧龙\火龙宝藏	HERO1	62	43	火龙宝藏	3	65	0      0 0 0 1
卧龙\火龙宝藏	HERO1	64	42	火龙宝藏	3	65	0      0 0 0 1
卧龙\火龙宝藏	HERO1	60	46	火龙宝藏	3	65	0      0 0 0 1
卧龙\神秘宝藏	HERO1	63	45	神秘宝藏	3	62	0      0 0 0 1


