http://home.mir2.sdo.com/Activity/20080321/
传奇5区  帐号ly46983密码lj1234
----------------------------------------------------------------------------
@PlayMakeWine  NPC酿酒标识  (m_boPlayMakeWine//酿酒NPC 20080619)

功能:打开酿酒窗口
格式:OPENMAKEWINE X(0,1) 0-酿造普通酒 1-酿造药酒

功能:取回酿好的酒
格式:GETGOODMAKEWINE
1.判断玩家包裹是否有两个包裹的空间,(用使用脚本命令完成)
2.判断是否酿过酒,没有则进入@NoMakeWine,提示没有酿过酒
3.进入命令后,NPC才走动,如果酿造时间完成则给玩家物品,并进入脚本段@EndMakeWine,提示完成,如没完成,则不提示.

功能:减少酿酒的时间
格式:DECMAKEWINETIME N(秒) D(1,2) X(0,1)
参数:D-1普通酒 2-药酒
     X-0按指定值减少,0-减少时间在1分钟内
说明:
1.判断玩家是否在酿酒,没有酿酒,则进入@NoIsInMakeWine
2.按正在酿酒的类型,减少对应的时间,进入@DecMakeWineTimeOK 提示

功能:判断是否在酿哪种酒
格式:ISONMAKEWINE X(1,2)  X-1普通酒 2-药酒

功能:酿酒NPC的走动 
格式:MAKEWINENPCMOVE

功能:设置泉水喷发
格式:FOUNTAIN 地图 X Y 时间(秒)

功能:判断是否开启行会泉水仓库
格式:CHECKGUILDFOUNTAIN 

功能:开启/关闭行会泉水仓库
格式:SETGUILDFOUNTAIN 0/1 (0-开,1-关)

功能:领取行会酒水
格式:GIVEGUILDFOUNTAIN 物品名  数量


<$GUILDFOUNTAIN>//行会泉水仓库
<$MEDICINEVALUE>//药力值
<$ALCOHOL>//酒量


QFunction-0.txt 文件
[@BeginMakeWine]
好了,我会帮您注意好您的酒的,放心吧。\
过一会儿,您就可以来取了。\\
<好的/@Exit>

[@MakeWineFail]
您有酒正在酿造，请一会儿再来取吧。\ \
<再等一会儿/@exit>

[@MakeWineFail1]
酿造失败，请收集材料再来吧。\ \
<重新再来吧/@exit>
-----------------------------------------------------------------------------
A.如何判断材料的等级,即普通材料或精制材料?
通过材料的Source值来区别,0-普通 1-精制,精制材料AC值代表品质

B.主材料如何对应制造出的酒的种类?
材料的Anicount对应酒的Shape

//通过材料Anicount得到对应酒的函数
function TUserEngine.GetMakeWineStdItem(Anicount: Integer): pTStdItem;

C.酒的区别:Anicount 1-普通酒 2-药酒

D.材料的Reserved值,表示此材料可以增加的酒精度

E.酒曲的Shape = 主材料的AniCount,可以加品质+1

F.酒的Shape=酒曲的Shape

G.泉水罐Reserved值=56,以区别祝福罐等物品,UnbindList.txt文件加入9 泉水

H.药酒(附加条件)--需酒量才能饮

一、酿酒
分两种，酿造普通酒(需5分钟)和酿造药酒(需15分钟)

                          酒曲格(非必备)
酿造普通酒:主材料格(必备)               酒器格(必备)  辅材料3份(必备) 
                          水  格(必备)

酿造药酒:药材格(必备) 普通酒格(必备) 酒器格(必备)


酿酒原料：可用酿酒的基本材料，可当主料或辅料(精制原料，越可能出高品质洒)  清水和泉水，不能做主料
1.普通品质：高粱米，稻米，青稞，果露，粟米，糯米，红曲酒酿，清水
1.高品质：精制高粱米，精制稻米，精制青稞，精制果露，精制粟米，精制糯米，精制红曲酒酿，泉水

高粱米--高粱酒
稻米----稻米洒
青稞----青稞酒
果露----果露酒
粟米----粟米酒
红曲酒酿--红曲酒

药材：酿造高品质药酒必备材料
虎骨，金箔，千年人参，透骨草，蛇胆

酒曲：高粱酒曲，稻米酒曲，红曲，青稞酒曲，露酒曲，粟米酒曲,花雕酒曲

1）在酿某种酒成功后，有一定几率获得这种酒的酒曲。
2）在某些出产普通材料的地方，也可能会掉落酒曲。
酒曲并非是酿酒的必备材料，但在酿酒时加入对应的酒曲，可提升酒的品质。
如：稻米烧酒，对应的酒曲就是稻米酒曲。

酒器：普通酒用陶土酒坛，药酒用青花酒瓶

普通酒:红曲酒 重量1 容量5/5 品质7 酒精度21  ......(说明)
药酒内容:蛇胆酒 重量1 容量1/1 品质7 酒精度21  可益气补肾,需酒量2000方可饮用
         金箔酒 重量1 容量1/1 品质7 酒精度10  此酒可养心和血,需酒量3000方可饮用

材料
 
酒分类-----------60
高粱酒;60;1;1;1;0;0;1294;5000;0;0;0;0;0;0;0;0;0;0;0;0;10000;5;
稻米烧酒;60;2;1;1;0;0;1294;5000;0;0;0;0;0;0;0;0;0;0;0;0;10000;5;
青稞酒;60;3;1;1;0;0;1294;5000;0;0;0;0;0;0;0;0;0;0;0;0;10000;5;
果露酒;60;4;1;1;0;0;1294;5000;0;0;0;0;0;0;0;0;0;0;0;0;10000;5;
粟米黄酒;60;5;1;1;0;0;1294;5000;0;0;0;0;0;0;0;0;0;0;0;0;10000;5;
红曲酒;60;6;1;1;0;0;1294;5000;0;0;0;0;0;0;0;0;0;0;0;0;10000;5;
花雕酒;60;7;1;1;0;0;1294;5000;0;0;0;0;0;0;0;0;0;0;0;0;10000;5;

虎骨酒;60;8;1;2;0;0;1291;1000;0;0;0;0;0;0;0;0;0;0;2750;0;10000;5;
金箔酒;60;9;1;2;0;0;1291;1000;0;0;0;0;0;0;0;0;0;0;3000;0;10000;5;
活脉酒;60;10;1;2;0;0;1291;1000;0;0;0;0;0;0;0;0;0;0;2250;0;10000;5;
玄参酒;60;11;1;2;0;0;1291;1000;0;0;0;0;0;0;0;0;0;0;2000;0;10000;5;
蛇胆酒;60;12;1;2;0;0;1291;1000;0;0;0;0;0;0;0;0;0;0;2000;0;10000;5;

原料分类--------8
高粱米    ;8;1;1;1;0;10;1307;5000;0;0;0;0;0;0;0;0;0;0;0;0;10000;5;
稻米      ;8;2;1;2;0;8;1309;5000;0;0;0;0;0;0;0;0;0;0;0;0;10000;5;
青稞      ;8;3;1;3;0;12;1303;5000;0;0;0;0;0;0;0;0;0;0;0;0;10000;5;
果露      ;8;4;1;4;0;1;1299;5000;0;0;0;0;0;0;0;0;0;0;0;0;10000;5;
粟米      ;8;5;1;5;0;6;1301;5000;0;0;0;0;0;0;0;0;0;0;0;0;10000;5;
红曲酒酿  ;8;6;1;6;0;2;1311;5000;0;0;0;0;0;0;0;0;0;0;0;0;10000;5;
糯米      ;8;7;1;7;0;4;1305;5000;0;0;0;0;0;0;0;0;0;0;0;0;10000;5;

精制高粱米  ;8;8;1;1;1;12;1308;5000;6;0;0;0;0;0;0;0;0;0;0;0;10000;5;
精制稻米    ;8;9;1;2;1;10;1310;5000;6;0;0;0;0;0;0;0;0;0;0;0;10000;5;
精制青稞    ;8;10;1;3;1;14;1304;5000;6;0;0;0;0;0;0;0;0;0;0;0;10000;5;
精制果露    ;8;11;1;4;1;1;1300;5000;6;0;0;0;0;0;0;0;0;0;0;0;10000;5;
精制粟米    ;8;12;1;5;1;8;1302;5000;6;0;0;0;0;0;0;0;0;0;0;0;10000;5;
精制红曲酒酿;8;13;1;6;1;4;1312;5000;6;0;0;0;0;0;0;0;0;0;0;0;10000;5;
精制糯米    ;8;14;1;7;1;6;1306;5000;6;0;0;0;0;0;0;0;0;0;0;0;10000;5;

药材分类--------14
虎骨    ;14;1;1;8;0;0;1321;5000;0;0;0;0;0;0;0;0;0;0;0;0;10000;5;
金箔    ;14;2;1;9;0;0;1322;5000;0;0;0;0;0;0;0;0;0;0;0;0;10000;5;
透骨草  ;14;4;1;10;0;0;1225;5000;0;0;0;0;0;0;0;0;0;0;0;0;10000;5;
千年人参;14;3;1;11;0;0;1223;5000;0;0;0;0;0;0;0;0;0;0;0;0;10000;5;
蛇胆    ;14;5;1;12;0;0;1224;5000;0;0;0;0;0;0;0;0;0;0;0;0;10000;5;

水材料分类------9
清水;9;0;1;0;0;0;1297;5000;0;0;0;0;0;0;0;0;0;0;0;0;10000;5;
泉水;9;1;1;0;0;0;1296;5000;0;0;0;0;0;0;0;0;0;0;0;5;0;10000;来自地底的泉水，清凉可口，味甘甜;

酒器分类--------12
陶土酒坛;12;0;1;0;0;0;1292;5000;0;0;0;0;0;0;0;0;0;0;0;0;10000;5;
青花酒瓶;12;1;1;0;0;0;1289;5000;0;0;0;0;0;0;0;0;0;0;0;0;10000;5;

酒曲分类--------13
高粱酒曲;13;1;1;0;0;0;1313;5000;0;0;0;0;0;0;0;0;0;0;0;0;10000;5;
稻米酒曲;13;2;1;0;0;0;1314;5000;0;0;0;0;0;0;0;0;0;0;0;0;10000;5;
花雕酒曲;13;7;1;0;0;0;1315;5000;0;0;0;0;0;0;0;0;0;0;0;0;10000;5;
红曲    ;13;6;1;0;0;0;1316;5000;0;0;0;0;0;0;0;0;0;0;0;0;10000;5;
青稞酒曲;13;3;1;0;0;0;1317;5000;0;0;0;0;0;0;0;0;0;0;0;0;10000;5;
露酒曲  ;13;4;1;0;0;0;1318;5000;0;0;0;0;0;0;0;0;0;0;0;0;10000;5;
粟米酒曲;13;5;1;0;0;0;1319;5000;0;0;0;0;0;0;0;0;0;0;0;0;10000;5;


泉水罐;2;9;1;21;1;56;1295;10000;0;0;0;0;0;0;0;0;0;0;1;1;0;10000;;

http://home.mir2.sdo.com/Activity/20080321/02.htm

UnbindList.txt增加:9 泉水

集满的泉水罐一共为100点,每10点为1瓶泉水，
每收集满10点泉水,在包裹中双击泉水罐,便可获得1瓶泉水，
收集方式:当泉水喷发时,将泉水罐装备毒符位并且站在泉眼上,每10秒即可获得1点泉水.
         当积累到50点以上的泉水后,每个行会成员,均可在跑堂小虎处领取泉水
         在收集过程中,将自动为行会积攒泉水,行会成员每收集一分泉水,行会泉水仓库会增加一份泉水.行会会长有权利在NPC处开启行会泉水仓库,开启后行会成员每天可以在仓库取5瓶泉水，(1天领1次)
每次减蓄量50点,低于50点无法领取
--------------------------------------------------------------------------------------
http://home.mir2.sdo.com/NewWeb/News/news_detail.aspx?Id=9024&TopCategory=1

酒的品质与度数

    酒的好坏完全是看其品质，品质越高(品质6以上的酒则可以称为好酒。酒的好坏直接决定饮酒的效果，同时，高度数的酒由于对于醉酒度的增长更为有效，

普通材料的品质一般是1-5，以品质1的最为多见。精制材料的品质一般是6-10，以品质6的最为多见。品质越高的材料酿出来的酒则品质越高。如果在酿酒时加酒曲，则出来的酒品质会加1点。使用泉水酿制精制材料酒时不会降品质，使用清水则有可能会降低酒的品质。使用低品质的普通材料无论如何搭配都是做不出好酒的。

如果完全以相同的4种材料做酒，那么按度数从高到底排列则是青稞最高，然后依次是高梁米、稻米、粟米、糯米、红曲酒酿和果露。以4个青稞做出来的酒基本上在55度左右，以4个果露做出来的酒则在5度左右，最低可到1度。1度的酒如果当成普通酒喝的话，无论品质再高，可能效果都极其微小。所以在此推荐大家将低于15度的高品质酒配成药酒。

材料的Reserved值,表示此材料可以增加的酒精度
青稞-----14度
高梁米---12
稻米-----10
粟米-----8
糯米-----6
红曲酒酿-4
果露-----1度


所有酿酒的材料，也有品质之分。1-5为普通品质的材料，6以上的为精制材料。以高品质的材料，作为酿酒的主料和辅料，可大大提升所酿酒的品质。
主料对酒的影响比重更大 主料不仅决定着所酿酒的种类（例如以稻米为主料，酿出来的就是稻米烧酒），对酒的品质和酒精度的影响比重也更大一些。

相对于清水而言，泉水的水质更高，也更容易酿出高品质的好酒来。

在酿酒时，放入对应的“酒曲”，可以提高酒的品质。例如：高粱酒，对应的酒曲就是“高粱酒曲”。



药酒

做药酒需要普通酒外加药材一个，药酒的度数基本上不会影响每瓶药酒所能增加的药力值和饮酒效果。不同的药酒可以加各种不同的属性，也需要不同的酒量值方可饮用。最常见的蛇胆配制出的药酒酒量值2000即可饮用，根据药酒的品质，不同的药酒还会加1-6点不等药力值。比如品质6的蛇胆酒每瓶基本上加1点药力值，品质7的则基本上能加2点，而品质7的虎骨酒更可以能加3点药力值。而品质7需要酒量值2750才能饮用的虎骨酒则每瓶基本上能加3点药力值。药酒中以金箔酒需要的酒量值最高，要3000点方可饮用。


药酒度数=普通酒度数
药酒品质=普通酒品质

饮用药酒所需酒量:蛇胆酒,玄参酒-2000   活脉酒--2250  虎骨酒-2750 金箔酒-3000

虎骨酒----增加攻击上限,魔法上限或道术上限2点,效果持续600秒,还能使酒量
金箔酒----增加生命值上限100点,效果持续600秒,还能使酒量
玄参酒----增加防御上限4点,效果持续600秒,还能使酒量
蛇胆酒----增加魔法值上限200点,效果持续600秒,还能使酒量增加
活脉酒----增加敏捷2点,效果持续600秒,还能使酒量增加

只有饮用品质高于4的酒时才可激发临时属性.

当药力值集满1次,便可获得1点自身长效属性,属性包括:魔御下限,防御下限,攻击/魔法/道术下限(看职业),魔御上限,防御上限,攻击/魔法/道术上限(看职业),按以上顺序,药力值每达1个阶段,即可依次增加以上1点自身属性,6次增加为1轮,增加完1轮后进入新的1轮

长期不饮用药酒(普通酒不能增加药力值),药力值会逐渐降低,每在线48小时,药力值会降低1点.