http://home.mir2.sdo.com/Activity/neigong/02.htm
http://home.mir2.sdo.com/NewWeb/download/index.aspx#banben(传奇发展史)
传奇5区  帐号ly46983密码lj1234
wei68864598  wei902050


只要送给酒馆老板一颗绿宝石或两个古籍残片（小），你就可以分别获得两本内功心法。


绿宝石获得途径:
   1、你所在的行会的行会会长在酒店店小二处，使用行会泉水开启秘境后，它就可以通过店小二前往秘境，那里的怪物有较大的几率掉落他们从险恶之地采集的绿宝石。
   2、玛法上最强大的怪物们，身上携带绿宝石的可能性也很大，你可以尝试去消灭他们，去得到他们死亡时掉落的绿宝石了   

古籍残片获得途径:
   1、你可以通过完成鉴宝散人的任务，来获得古籍残片（小），这个任务每天只能做一次
   2、从盟重书店的神秘来客处前往藏经阁，使用灵符探索获得古籍残片（小）


当你获得了一颗绿宝石或二本古籍残片（小）以后，你就可以获得玛法内功心法书了，一颗绿宝石可以换二本内功心法，二本古籍残片也可以获得二本内功心法。


学习内功心法: 主号和英雄都可以学,点NPC相应对话选,就可以学习内功心法这本书了


内功护体，面对任何攻击的伤害，都会得到一定量的减免。同时，随着你内功心法等级的提升，你所减免的伤害值也会越来越多。一旦你学习了内功，你手中所发出的任何攻击，都会得到伤害的提升，并且随着你的内功心法等级的提升，你攻击所增强的威力也会越来越强。

------------------------------------------------------------------------------------------
提升内功等级:
   1. 灭怪   只要你被传授了内功心法，就会在雷炎洞穴、沃玛寺庙、祖玛大厅、地下宫殿、屠魔战场这些地点发现一些怪物的名字变成了紫色的，它们就是拥有内功的怪物。只有消灭它们，才能获取它们体内蕴藏的内力，你的内功经验也会得到增长。
//取得内力经验 20081001  Code:0-杀怪分配 1-非杀怪分配
procedure TPlayObject.GetNGExp(dwExp: LongWord; Code: Byte);

   2. 精元丹。而服用精元丹，可以得到一定的内力经验
   3. 秘境   如果你所在的行会能给酒馆店小二或者跑堂小虎带些泉水，他们就可以开启行会任务，让行会成员进入秘境修炼。出现了一种新怪物：蓝影刀客，(古代遗迹 除了蓝影刀客玩家们还将遇到灵魂收割者)
   4. 典籍   内功秘籍,再加一个从商城买入的解读卷轴，就能瞬间参透难关。
   5. 炼丹   炼金师处锻造元宝可以获得原质晶石。把原质晶石与商城购买的精制材料卷交给炼金师，让他炼丹可以获得蕴藏海量内功经验的还虚丹。根据使用的材料卷的数量不同，炼制出来的还虚丹所加的内功值也不一样。

饮酒获得内功经验。
相信细心的玩家早已发现，无论是主号或英雄，在饮酒后当该角色有醉酒度时，系统便会一直提示内力经验在增加。饮酒所加的内功值只限于饮酒的角色。比如主号有醉酒度而英雄没有时，那么只有主号可以获得内功经验。越是品质好的酒，所增加的内功经验便会越多。




技能的内功增强与防御术:
    绿宝石，交给盟重土城的内功宗师（323，340），以换取各职业的技能书。当你的内功等级修炼到一定程度，通过学习技能书就可以感受到自身内力对于原先技能的强力增强与防御作用。
    1. 获取绿宝石    让你的行会交给盟重酒馆店小二或者跑堂小虎一些泉水，跟随行会一同前往秘境，那里的怪物有可能掉落它们从险恶之地采集的绿宝石。此外，玛法大陆上最强大的怪物们很可能都携带着绿宝石，身怀六重装的暗之系列怪物尤喜搜集闪闪发亮的绿宝石
    2. 绿宝石的凝炼  一些内功技能书需要更高级的无痕绿宝石和完美绿宝石才能交换，你可以在内功宗师处用10颗普通绿宝石凝炼成1颗无痕绿宝石，用5颗无痕绿宝石凝炼成1颗完美绿宝石 。
    3. 技能增强   不同的技能书记载了如何利用自身内力增强各职业不同技能效果的奥秘。这些以往只有三龙卫的后裔才能掌握的上层武学，因酒神之缘传播于大陆。因为绿宝石之珍贵，故此你要仔细选择所要增强的技能。当然，假如你有充足的绿宝石可用，那么就可以学习所有的技能书，充分体验内外兼修之无上威力。

三职业内功技能成长表
http://home.mir2.sdo.com/Activity/neigong/skill.htm


内功技能,备注写"内功"做为标识

----------------------------------------------------------------------------------------------
人个内能技能(盛大没开发)
北冥神功     吸取对手内力值，补充到自己身上，同时最大内力值得到临时提升。
降龙十八掌   运用全身之内功，击出降龙之掌，造成巨大伤害。
嫁衣神功     将自己的内力值转移到施法他人身上。
移花接木     将本应损耗的生命值转移到内力值上。


内功新装备及升级

----------------------------------------------------------------
　内力值消耗的情况有以下2种：
　　1、遭受攻击：当受到攻击时，内功将起到减免一定伤害的作用，因此将消耗内力值；若学会某种技能防御技能，当受到该技能攻击时，内功将起到一定减免技能伤害的作用，因此也将消耗内力值。
　　2、发动攻击：当发动攻击时，内功将起到增强一定伤害的作用，因此将消耗内力值；若学会某种技能增强技能，当发动该技能攻击时，内功将起到一定增强技能伤害的作用，因此也将消耗内力值。 


内功等级上限255

各等级内功内力值(Word):(主体,英雄一样  http://bbs.92wy.com/viewthread.php?tid=18145076)
           主体经验   英雄经验
1级  11    69470      91080 
2级  14    112690     149440
3级  19    186190     238680  
4级  26    291170     360000
5级  35    428830     514600
6级  46    600370     703680

内力值= [2 + 2 * (等级 - 1)] * 等级/ 2 + 10

(经验公式)
本号：200*n3 + 13940*n2 + 55330
英雄：200*n3 + 14240*n2 + 14240*n + 62400

(各级经验)http://www.yof.cc/showyule.asp?cat_id=37&id=1232


怒之和静之系列技能区别:
静之系列内功技能是各职业的内功防御技能，适合三职业通用，学习后提升对于相应的技能防御能力。
怒之系列内功技能是各职业的内功攻击技能，适合指定职业学习，学习后提升相应的技能攻击力。
 
修习内功之后，你所拥有的内力将立即对每一次普通攻击产生增强作用。是否具备内功将在普通攻击威力上产生巨大的差别。而内力护体，你所具备的内力将会抵消一部分所受到的普通攻击，从而使你更加强韧。当然，内功对于普通攻防的增益都需要消耗内力值

当内力值下降到0的时候，人物就不能再使用内功了，内力护体的效果也将消失。内力值目前只能缓慢自然回复
9级前每8秒内力值回复1点，10-12级每8秒回复2点,13-15级每8秒回复3点,16-17级每8秒恢复4点,18级每8秒恢复5点  每隔8秒涨你本身内力的1.4%,

角色学习过内功技能后，无需设置快捷键即可自动使用。(英雄不能关掉技能)

不管是战士刺杀，道士打符，法师放雷电，每次都只消耗一点内力值了。防御时,生效也消耗一点内力值

**怒之爆裂打练功师数据在150-180左右 用一次消耗内力值19点（前面2级消耗的内力值忘了。。。好像是10 15）

双倍卷对内功有用

学过内功,防御增加+5,攻击+5


物品+内功级,等级不同,加的经验不同  0.392%
1级 25000
2级 25098
3级 25196
4级 25295
5级 25393
6级 25492
---------------------------------------------------------------------------
(物品)
712;无痕绿宝石;44;3;1;0;0;0;618;0;0;0;0;0;0;0;0;0;0;0;0;10;100000;5;;
713;完美绿宝石;44;3;1;0;0;0;619;0;0;0;0;0;0;0;0;0;0;0;0;10;100000;5;;
714;绿宝石;44;3;1;0;0;0;615;0;0;0;0;0;0;0;0;0;0;0;0;10;100000;5;;
715;玛法内功心法;44;3;1;0;0;0;1137;0;0;0;0;0;0;0;0;0;0;0;0;10;100000;5;;
716;原质晶石;44;4;1;0;0;0;447;0;0;0;0;0;0;0;0;0;0;0;0;10;100000;5;;
 
717;聚气丹;0;3;1;0;0;0;1080;1;25{内功经验,1=1000};0;0;0;0;0;0;0;0;0;0;0;0;0;;
718;归元丹;0;3;1;0;0;0;1079;1;50{内功经验,1=1000};0;0;0;0;0;0;0;0;0;0;0;0;0;;
719;精元丹;0;3;1;0;0;0;1586;1;50{内功经验,1=1000};0;0;0;0;0;0;0;0;0;0;0;0;0;;
720;灵虚丹(中);0;3;1;0;0;0;1126;1;120{内功经验,1=1000};0;0;0;0;0;0;0;0;0;0;0;0;0;;
721;还虚丹;0;3;1;0;0;0;1081;1;150{内功经验,1=1000};0;0;0;0;0;0;0;0;0;0;0;0;0;;
722;解读卷轴;0;3;1;0;0;0;1585;1;150{内功经验,1=1000};0;0;0;0;0;0;0;0;0;0;0;0;0;;

(技能)
200;怒之攻杀;0;150;5;1;2;2;3;3;0;4;100;8;100;17;100;0;内功;
201;静之攻杀;0;180;5;1;2;2;3;3;99;14;100;18;100;30;100;0;内功;          
202;怒之半月;0;151;5;1;2;2;3;3;0;13;100;21;100;31;100;0;内功;
203;静之半月;0;181;5;1;2;2;3;3;99;22;100;36;100;47;100;0;内功;
204;怒之烈火;0;153;5;1;2;2;3;3;0;70;100;78;100;86;100;0;内功;
205;静之烈火;0;183;5;1;2;2;3;3;99;69;100;80;100;87;100;0;内功;
206;怒之逐日;0;154;5;1;2;2;3;3;0;74;100;82;100;90;100;0;内功;
207;静之逐日;0;184;5;1;2;2;3;3;99;79;100;85;100;88;100;0;内功;
208;怒之火球;0;158;5;1;2;2;3;3;1;4;100;11;100;16;100;0;内功;
209;静之火球;0;190;5;1;2;2;3;3;99;12;100;20;100;26;100;0;内功;
210;怒之大火球;0;162;5;1;2;2;3;3;1;28;100;34;100;40;100;0;内功;
211;静之大火球;0;194;5;1;2;2;3;3;99;28;100;34;100;43;100;0;内功;
212;怒之火墙;0;163;5;1;2;2;3;3;1;32;100;46;100;52;100;0;内功;
213;静之火墙;0;195;5;1;2;2;3;3;99;39;100;48;100;59;100;0;内功;
214;怒之地狱火;0;159;5;1;2;2;3;3;1;9;100;18;100;22;100;0;内功;
215;静之地狱火;0;190;5;1;2;2;3;3;99;16;100;24;100;33;100;0;内功;
216;怒之疾光电影;0;164;5;1;2;2;3;3;1;49;100;58;100;64;100;0;内功;
217;静之疾光电影;0;196;5;1;2;2;3;3;99;42;100;57;100;65;100;0;内功;
218;怒之爆裂火焰;0;160;5;1;2;2;3;3;1;14;100;20;100;24;100;0;内功;
219;静之爆裂火焰;0;192;5;1;2;2;3;3;99;29;100;40;100;53;100;0;内功;
220;怒之冰咆哮;0;167;5;1;2;2;3;3;1;70;100;73;100;77;100;0;内功;
221;静之冰咆哮;0;199;5;1;2;2;3;3;99;71;100;77;100;83;100;0;内功;
222;怒之雷电;0;161;5;1;2;2;3;3;1;26;100;37;100;43;100;0;内功;
223;静之雷电;0;193;5;1;2;2;3;3;99;32;100;41;100;50;100;0;内功;
224;怒之地狱雷光;0;165;5;1;2;2;3;3;1;55;100;67;100;76;100;0;内功;
225;静之地狱雷光;0;197;5;1;2;2;3;3;99;51;100;68;100;73;100;0;内功;
226;怒之寒冰掌;0;166;5;1;2;2;3;3;1;61;100;72;100;75;100;0;内功;
227;静之寒冰掌;0;198;5;1;2;2;3;3;99;61;100;76;100;81;100;0;内功;
228;怒之灭天火;0;168;5;1;2;2;3;3;1;71;100;78;100;86;100;0;内功;
229;静之灭天火;0;200;5;1;2;2;3;3;99;75;100;85;100;88;100;0;内功;
230;怒之火符;0;156;5;1;2;2;3;3;2;21;100;47;100;60;100;0;内功;
231;静之火符;0;187;5;1;2;2;3;3;99;35;100;44;100;63;100;0;内功;
232;怒之噬血;0;157;5;1;2;2;3;3;2;70;100;82;100;90;100;0;内功;
233;静之噬血;0;189;5;1;2;2;3;3;99;79;100;84;100;89;100;0;内功;
234;怒之流星火雨;0;169;5;1;2;2;3;3;1;74;100;82;100;90;100;0;内功;
235;静之流星火雨;0;201;5;1;2;2;3;3;99;80;100;83;100;89;100;0;内功;
236;怒之内功剑法;0;152;5;1;2;2;3;3;0;38;100;50;100;63;100;0;内功;
237;静之内功剑法;0;182;5;1;2;2;3;3;99;40;100;52;100;65;100;0;内功;

怒之内功剑法是战士学习的内功技能,可以增加角色普通物理攻击的伤害。

MonGen.txt格式:
;地图代码   x   y    怪物名称     范围     数量    时间  内功怪(0/1)  颜色代码 集中座标刷新机率 变色
  

SENDMSG 0 双头金刚怪物攻城了......
MISSION 3 330 330
PARAM1 360
PARAM2 340
PARAM3 10
PARAM4 1
MOBPLACE 双头金刚 1

MOBPLACE 怪物名 内功怪(0/1)
@Mob 怪物名称 数量 等级 内功怪(0/1)
@MobPlace  X  Y 怪物名称 怪物数量 内功怪(0/1)



内功等级(技能等级)Byte,当前经验LongWord,升级经验LongWord,内力值(当前黄条值Word/黄条上限Word)


功能:NPC学习内功
格式:READSKILLNG Hero

说明:
  1.判断玩家是学过内功,学过则进入@ReadNGFail,英雄则进入@ReadNGHeroFail
  2.学习成功进入@ReadNGOK,英雄则进入@ReadNGHEROOK
  3.主号学习过后,英雄才能学习


功能:调整人物内力经验点数。(还未测试)
格式:CHANGENGEXP 控制符(=,+,-) 经验点数 Hero
说明:增加主号经验时,如英雄存在,则以非杀怪分配比率分配经验

功能:检查角色是否学过内功
格式:CHANGREADNG Hero

功能:调整人物内功等级
格式:CHANGENGLEVEL 控制符(=,+,-) 等级数(1-255) Hero